0.0 0.0 0.0
0.0 0.0 0.0
0.0 0.0 0.0
0.0 0.0 0.0
0.0 0.0 0.0
0.0 0.0 0.0
0.0 0.0 0.0
0.0 0.0 0.0
0.0 0.0 0.0
0.0 0.0 0.0
0.0 0.0 0.0
0.0 0.0 0.0
0.0 0.0 0.0
0.0 0.0 0.0
0.0 0.0 0.0
0.0 0.0 0.0
0.0 0.0 0.0
0.0 0.0 0.0
0.0 0.0 0.0
0.0 0.0 0.0
0.0 0.0 0.0
0.0 0.0 0.0
0.0 0.0 0.0
0.0 0.0 0.0
0.0 0.0 0.0
0.0 0.0 0.0
0.0 0.0 0.0
0.0 0.0 0.0
0.0 0.0 0.0
0.0 0.0 0.0
0.0 0.0 0.0
0.0 0.0 0.0
0.0 0.0 0.0
0.0 0.0 0.0
0.0 0.0 0.0
0.0 0.0 0.0
0.0 0.0 0.0
0.0 0.0 0.0
0.0 0.0 0.0
0.0 0.0 0.0
0.0 0.0 0.0
0.0 0.0 0.0
0.0 0.0 0.0
0.0 0.0 0.0
0.0 0.0 0.0
0.0 0.0 0.0
0.0 0.0 0.0
0.0 0.0 0.0
-0.4 -0.4 0.0
0.0 -0.4 -20.1944
-0.4 0.0 0.0
0.0 -0.4 0.0
0.0 -0.524 -0.4
-0.2 -0.5168 -20.905942217429505
0.0 0.0 1.2644733644800006
0.0 0.0 0.0
0.0 0.0 0.0
0.0 0.0 0.0
0.0 0.0 0.0
0.0 0.0 0.0
0.0 0.0 0.0
0.0 0.0 0.0
0.0 0.0 0.0
0.0 0.0 0.0
0.0 0.0 0.0
0.0 0.0 0.0
0.0 0.0 0.0
0.0 0.0 0.0
0.0 0.0 0.0
0.0 0.0 0.0
0.0 0.0 0.0
0.0 0.0 0.0
0.0 -1.4000000000000001 0.0
-1.4000000000000001 -3.4160000000000004 0.0
0.0 0.0 -50.66359461787763
0.0 0.0 0.0
-1.0 0.0 -38.0073530666437
-2.4400000000000004 0.0 -2.52
0.0 0.0 -1.4000000000000001
0.0 0.0 -0.8
-0.944 -2.1219200000000003 -61.833660248932176
-2.8592 -3.7935872 -11.720056537907201
-1.4400000000000002 -1.4400000000000002 -41.1211523015563
-1.584 -1.60992 -1.805442758747136
-8.294244754400902 -7.478768432095143 -13.252059691211649
-5.516032082493655 -6.814795528654433 -5.363056327196673
-6.4180218384185395 -7.504872349205028 -90.25494568597631
-7.767111711543039 -7.626331111745056 -103.13845106167547
-2.5892391168000004 -2.3703799946840043 14.131294033620598
-0.9166647628365168 -1.1289280000000002 -90.24609047231874
-0.4 -1.3982222847999999 -4.9470074895408285
-1.6525696 -1.3421171200000002 -81.3133187075483
34.92586552325633 7.716550887126941 58.26342168222288
2.4378881689600007 -0.09598166899199999 -37.0592956224
-0.2 23.785803587968005 -0.4
14.619246796800002 8.78187491390454 136.4805940168698
